Reihe a
2.50000e+00
1.75000e+00
1.12500e+00
6.87500e-01
4.06250e-01
2.34375e-01
1.32812e-01
7.42188e-02
4.10156e-02
2.24609e-02
Summe: 6.97363e+00
Reihe b
1.00000e+00
-5.00000e-01
2.50000e-01
-1.25000e-01
6.25000e-02
-3.12500e-02
1.56250e-02
-7.81250e-03
3.90625e-03
-1.95312e-03
Summe: 6.66016e-01
Reihe c
1.00000e+00
5.00000e-01
1.66667e-01
4.16667e-02
8.33333e-03
1.38889e-03
1.98413e-04
2.48016e-05
2.75573e-06
2.75573e-07
Summe: 1.71828e+00
Reihe d
5.00000e-01
1.25000e-01
4.16667e-02
1.56250e-02
6.25000e-03
2.60417e-03
1.11607e-03
4.88281e-04
2.17014e-04
9.76563e-05
Summe: 6.93065e-01
Reihe e
0
1
3
6
10
15
21
28
36
45
Summe: 165
